0,310
0,305
0,308
0,307
0,302
0,304
0,303
0,12
0,551
0,10
0,8
0,0
0,497
0,426
0,300
0,518
0,496
0,299
0,517
0,424
0,298
0,516
0,423
0,297
0,515
0,425
0,296
0,422
0,421
0,295
0,514
0,420
0,294
0,419
0,418
0,293
0,417
0,416
0,292
0,415
0,414
0,291
0,413
0,412
0,290
0,513
0,495
0,289
0,493
0,411
0,288
0,542
0,410
0,287
0,541
0,409
0,286
0,566
0,492
0,285
0,491
0,407
0,284
0,490
0,406
0,283
0,550
0,405
0,282
0,562
0,404
0,281
0,561
0,403
0,280
0,540
0,402
0,279
0,489
0,401
0,278
0,488
0,400
0,277
0,538
0,399
0,276
0,537
0,398
0,275
0,539
0,397
0,274
0,536
0,396
0,273
0,534
0,395
0,272
0,533
0,394
0,271
0,535
0,393
0,270
0,532
0,392
0,269
0,531
0,391
0,268
0,487
0,390
0,267
0,486
0,389
0,266
0,530
0,388
0,265
0,529
0,387
0,264
0,528
0,386
0,263
0,527
0,385
0,262
0,526
0,384
0,261
0,525
0,383
0,260
0,485
0,382
0,259
0,483
0,381
0,258
0,482
0,380
0,257
0,484
0,379
0,256
0,481
0,378
0,255
0,480
0,377
0,254
0,479
0,376
0,253
0,478
0,375
0,252
0,477
0,374
0,251
0,476
0,373
0,250
0,475
0,372
0,249
0,474
0,371
0,248
0,473
0,370
0,247
0,472
0,369
0,246
0,471
0,368
0,245
0,470
0,367
0,244
0,469
0,366
0,242
0,468
0,365
0,241
0,467
0,364
0,240
0,466
0,565
2,2
2,5
2,7
3,0
3,1
4,0
4,1
4,3
6,0
6,2
6,4
6,5
7,0
7,1
7,3
8,1
8,2
9,0
9,1
9,3
9,4
10,1
10,3
11,0
11,2
11,3
12,1
12,3
13,0
13,2
13,3
14,1
14,3
15,0
15,2
15,3
16,1
16,2
17,0
17,2
17,3
18,1
18,2
19,0
19,2
19,3
20,1
20,2
21,0
21,1
21,3
24,1
24,2
24,4
24,5
27,1
27,3
27,4
34,0
34,1
34,3
34,4
35,1
35,3
35,4
71,0
71,1
71,3
72,1
72,2
72,4
73,0
73,2
73,4
73,5
74,1
74,2
74,4
74,5
75,0
75,2
75,3
76,1
76,2
77,0
77,2
77,3
78,0
78,1
78,3
79,0
79,2
80,0
80,1
80,3
81,0
81,2
82,0
82,1
82,3
83,0
83,2
83,3
84,1
84,3
85,0
85,2
85,3
86,1
86,3
87,0
87,2
87,3
88,1
88,2
89,0
89,2
89,3
92,1
92,2
92,4
95,0
95,1
95,3
95,4
96,0
96,2
96,3
96,1
95,5
95,2
92,5
92,3
92,0
89,1
88,3
88,0
87,1
86,2
86,0
85,1
84,2
84,0
83,1
82,2
81,3
81,1
80,2
79,3
79,1
78,2
77,4
77,1
76,3
76,0
75,1
74,6
74,3
74,0
73,3
73,1
72,3
72,0
71,2
35,5
35,2
35,0
34,2
27,5
27,2
27,0
24,3
24,0
21,2
20,3
20,0
19,1
18,3
18,0
17,1
16,3
16,0
15,1
14,2
14,0
13,1
12,2
12,0
11,1
10,2
10,0
9,2
8,3
8,0
7,2
6,6
6,3
6,1
4,2
3,3
2,8
2,6
1,1
1,3
0,494
0,408
2,1
1,0
2,4
0,322
2,3
0,243
2,0
0,9
0,363
0,239
0,465
0,362
0,238
0,464
0,361
0,237
0,463
0,360
0,236
0,462
0,359
0,235
0,549
0,358
0,234
0,548
0,357
0,233
0,560
0,356
0,232
0,559
0,512
0,231
0,511
0,355
0,230
0,524
0,354
0,229
0,510
0,353
0,228
0,547
0,352
0,227
0,564
0,523
0,226
0,557
0,509
0,225
0,556
0,351
0,224
0,558
0,350
0,223
0,546
0,349
0,222
0,461
0,348
0,221
0,460
0,347
0,220
0,508
0,346
0,219
0,507
0,345
0,218
0,555
0,344
0,217
0,563
0,343
0,216
0,459
0,342
0,215
0,458
0,341
0,214
0,506
0,340
0,213
0,457
0,339
0,212
0,456
0,338
0,211
0,455
0,454
0,210
0,453
0,337
0,209
0,452
0,336
0,208
0,451
0,335
0,207
0,505
0,334
0,206
0,504
0,450
0,205
0,503
0,449
0,204
0,502
0,333
0,203
0,522
0,332
0,202
0,521
0,331
0,201
0,447
0,330
0,200
0,501
0,448
0,199
0,446
0,445
0,198
0,444
0,329
0,197
0,443
0,328
0,196
0,442
0,327
0,195
0,441
0,326
0,194
0,440
0,439
0,193
0,545
0,520
0,192
0,544
0,325
0,63
0,500
0,324
0,62
0,499
0,323
0,61
0,554
0,321
0,60
0,553
0,438
0,59
0,552
0,320
0,58
0,437
0,319
0,57
0,436
0,318
0,56
0,434
0,317
0,55
0,498
0,433
0,54
0,519
0,435
0,53
0,432
0,316
0,52
0,431
0,315
0,51
0,430
0,314
0,50
0,429
0,313
0,49
0,428
0,312
0,48
0,427
0,311
0,47
0,543
0,309
0,46
0,306
0,45
0,301
0,6
0,5
0,1
0,11
0,4
0,2
0,3
0,7
